2
1
2
1
3
0 0 0 0
0 0 1 0
0 1 0 0
0 1 1 0
1 0 0 0
1 0 1 0
1 1 0 0
1 1 1 1
FIM



2
1
2
2
2
0 0 1 0
0 1 1 0
1 0 1 0
1 1 0 1
FIM


2
1
2
1
2
0 0 1
0 1 0
1 0 0
1 1 1
FIM

2
0
1
3
0 0 0 0
0 0 1 0
0 1 0 0
0 1 1 0
1 0 0 0
1 0 1 0
1 1 0 0
1 1 1 1
FIM

MODELO XOR 4 bits (desbalanceado)
2
2
2
2
1
4
0 0 0 0 1
0 0 0 1 0
0 0 1 0 0
0 0 1 1 0
0 1 0 0 0
0 1 0 1 0
0 1 1 0 0
0 1 1 1 0
1 0 0 0 0
1 0 0 1 0
1 0 1 0 0
1 0 1 1 0
1 1 0 0 0
1 1 0 1 0
1 1 1 0 0
1 1 1 1 1
FIM

MODELO XOR 4 bits (balanceado)
2
2
2
2
1
4
0 0 0 0 1
0 0 0 1 0
0 0 0 0 1
0 0 1 0 0
0 0 0 0 1
0 0 1 1 0
0 0 0 0 1
0 1 0 0 0
0 0 0 0 1
0 1 0 1 0
0 0 0 0 1
0 1 1 0 0
0 0 0 0 1
0 1 1 1 0
0 0 0 0 1
1 0 0 0 0
1 1 1 1 1
1 0 0 1 0
1 1 1 1 1
1 0 1 0 0
1 1 1 1 1
1 0 1 1 0
1 1 1 1 1
1 1 0 0 0
1 1 1 1 1
1 1 0 1 0
1 1 1 1 1
1 1 1 0 0
1 1 1 1 1
FIM




























